
DETCAd00 = [
    1    1    1    1     1     1     1    1    1    1  6.63825E+17 0.00223 
    2    2    1    1     1     1     1    1    1    1  4.25223E+18 0.00140 
];


DETCAd00E = [
 0.00000E+00  6.25000E-07  3.12500E-07
 6.25000E-07  1.96403E+01  9.82015E+00
];

DETCAd00R = [
 0.00000E+00  1.00000E+02  5.00000E+01
];

DETCAd00PHI = [
 0.00000E+00  3.60000E+02  1.80000E+02
];

DETCAd00Z = [
 0.00000E+00  0.00000E+00  0.00000E+00
];

DETCAd01 = [
    1    1    1    1     1     1     1    1    1    1  1.05568E+15 0.01344 
    2    2    1    1     1     1     1    1    1    1  1.38355E+15 0.00488 
];


DETCAd01E = [
 0.00000E+00  6.25000E-07  3.12500E-07
 6.25000E-07  1.96403E+01  9.82015E+00
];

DETCAd01R = [
 0.00000E+00  1.00000E+02  5.00000E+01
];

DETCAd01PHI = [
 0.00000E+00  3.60000E+02  1.80000E+02
];

DETCAd01Z = [
 0.00000E+00  0.00000E+00  0.00000E+00
];

DETCAd02 = [
    1    1    1    1     1     1     1    1    1    1  2.53559E+15 0.01047 
    2    2    1    1     1     1     1    1    1    1  7.33582E+16 0.00765 
];


DETCAd02E = [
 0.00000E+00  6.25000E-07  3.12500E-07
 6.25000E-07  1.96403E+01  9.82015E+00
];

DETCAd02R = [
 0.00000E+00  1.00000E+02  5.00000E+01
];

DETCAd02PHI = [
 0.00000E+00  3.60000E+02  1.80000E+02
];

DETCAd02Z = [
 0.00000E+00  0.00000E+00  0.00000E+00
];

DETCAd03 = [
    1    1    1    1     1     1     1    1    1    1  6.28067E+14 0.02098 
    2    2    1    1     1     1     1    1    1    1  1.74101E+16 0.01523 
];


DETCAd03E = [
 0.00000E+00  6.25000E-07  3.12500E-07
 6.25000E-07  1.96403E+01  9.82015E+00
];

DETCAd03R = [
 0.00000E+00  1.00000E+02  5.00000E+01
];

DETCAd03PHI = [
 0.00000E+00  3.60000E+02  1.80000E+02
];

DETCAd03Z = [
 0.00000E+00  0.00000E+00  0.00000E+00
];

DETCAd04 = [
    1    1    1    1     1     1     1    1    1    1  5.84456E+14 0.01857 
    2    2    1    1     1     1     1    1    1    1  4.70764E+14 0.00813 
];


DETCAd04E = [
 0.00000E+00  6.25000E-07  3.12500E-07
 6.25000E-07  1.96403E+01  9.82015E+00
];

DETCAd04R = [
 0.00000E+00  1.00000E+02  5.00000E+01
];

DETCAd04PHI = [
 0.00000E+00  3.60000E+02  1.80000E+02
];

DETCAd04Z = [
 0.00000E+00  0.00000E+00  0.00000E+00
];

DETCAd05 = [
    1    1    1    1     1     1     1    1    1    1  7.12100E+13 0.05514 
    2    2    1    1     1     1     1    1    1    1  6.49039E+13 0.02138 
];


DETCAd05E = [
 0.00000E+00  6.25000E-07  3.12500E-07
 6.25000E-07  1.96403E+01  9.82015E+00
];

DETCAd05R = [
 0.00000E+00  1.00000E+02  5.00000E+01
];

DETCAd05PHI = [
 0.00000E+00  3.60000E+02  1.80000E+02
];

DETCAd05Z = [
 0.00000E+00  0.00000E+00  0.00000E+00
];

DETCAd06 = [
    1    1    1    1     1     1     1    1    1    1  1.26103E+17 0.00800 
    2    2    1    1     1     1     1    1    1    1  2.68471E+17 0.00332 
];


DETCAd06E = [
 0.00000E+00  6.25000E-07  3.12500E-07
 6.25000E-07  1.96403E+01  9.82015E+00
];

DETCAd06R = [
 0.00000E+00  1.00000E+02  5.00000E+01
];

DETCAd06PHI = [
 0.00000E+00  3.60000E+02  1.80000E+02
];

DETCAd06Z = [
 0.00000E+00  0.00000E+00  0.00000E+00
];

DETCAd07 = [
    1    1    1    1     1     1     1    1    1    1  4.87018E+16 0.00433 
    2    2    1    1     1     1     1    1    1    1  7.98744E+16 0.00307 
];


DETCAd07E = [
 0.00000E+00  6.25000E-07  3.12500E-07
 6.25000E-07  1.96403E+01  9.82015E+00
];

DETCAd07R = [
 0.00000E+00  1.00000E+02  5.00000E+01
];

DETCAd07PHI = [
 0.00000E+00  3.60000E+02  1.80000E+02
];

DETCAd07Z = [
 0.00000E+00  0.00000E+00  0.00000E+00
];

DETCAd08 = [
    1    1    1    1     1     1     1    1    1    1  2.94324E+15 0.01070 
    2    2    1    1     1     1     1    1    1    1  6.58305E+16 0.00840 
];


DETCAd08E = [
 0.00000E+00  6.25000E-07  3.12500E-07
 6.25000E-07  1.96403E+01  9.82015E+00
];

DETCAd08R = [
 0.00000E+00  1.00000E+02  5.00000E+01
];

DETCAd08PHI = [
 0.00000E+00  3.60000E+02  1.80000E+02
];

DETCAd08Z = [
 0.00000E+00  0.00000E+00  0.00000E+00
];

DETCAd09 = [
    1    1    1    1     1     1     1    1    1    1  5.76084E+14 0.00630 
    2    2    1    1     1     1     1    1    1    1  3.23204E+15 0.03335 
];


DETCAd09E = [
 0.00000E+00  6.25000E-07  3.12500E-07
 6.25000E-07  1.96403E+01  9.82015E+00
];

DETCAd09R = [
 0.00000E+00  1.00000E+02  5.00000E+01
];

DETCAd09PHI = [
 0.00000E+00  3.60000E+02  1.80000E+02
];

DETCAd09Z = [
 0.00000E+00  0.00000E+00  0.00000E+00
];

DETCAd10 = [
    1    1    1    1     1     1     1    1    1    1  3.53878E+14 0.02708 
    2    2    1    1     1     1     1    1    1    1  8.86687E+15 0.02040 
];


DETCAd10E = [
 0.00000E+00  6.25000E-07  3.12500E-07
 6.25000E-07  1.96403E+01  9.82015E+00
];

DETCAd10R = [
 0.00000E+00  1.00000E+02  5.00000E+01
];

DETCAd10PHI = [
 0.00000E+00  3.60000E+02  1.80000E+02
];

DETCAd10Z = [
 0.00000E+00  0.00000E+00  0.00000E+00
];
