
DETCAd00 = [
    1    1    1    1     1     1     1    1    1    1  6.62146E+17 0.00221 
    2    2    1    1     1     1     1    1    1    1  4.25453E+18 0.00143 
];


DETCAd00E = [
 0.00000E+00  6.25000E-07  3.12500E-07
 6.25000E-07  1.96403E+01  9.82015E+00
];

DETCAd00R = [
 0.00000E+00  1.00000E+02  5.00000E+01
];

DETCAd00PHI = [
 0.00000E+00  3.60000E+02  1.80000E+02
];

DETCAd00Z = [
 0.00000E+00  0.00000E+00  0.00000E+00
];

DETCAd01 = [
    1    1    1    1     1     1     1    1    1    1  1.63737E+15 0.01085 
    2    2    1    1     1     1     1    1    1    1  1.85829E+15 0.00413 
];


DETCAd01E = [
 0.00000E+00  6.25000E-07  3.12500E-07
 6.25000E-07  1.96403E+01  9.82015E+00
];

DETCAd01R = [
 0.00000E+00  1.00000E+02  5.00000E+01
];

DETCAd01PHI = [
 0.00000E+00  3.60000E+02  1.80000E+02
];

DETCAd01Z = [
 0.00000E+00  0.00000E+00  0.00000E+00
];

DETCAd02 = [
    1    1    1    1     1     1     1    1    1    1  3.54979E+15 0.00878 
    2    2    1    1     1     1     1    1    1    1  9.90419E+16 0.00637 
];


DETCAd02E = [
 0.00000E+00  6.25000E-07  3.12500E-07
 6.25000E-07  1.96403E+01  9.82015E+00
];

DETCAd02R = [
 0.00000E+00  1.00000E+02  5.00000E+01
];

DETCAd02PHI = [
 0.00000E+00  3.60000E+02  1.80000E+02
];

DETCAd02Z = [
 0.00000E+00  0.00000E+00  0.00000E+00
];

DETCAd03 = [
    1    1    1    1     1     1     1    1    1    1  6.99950E+13 0.04996 
    2    2    1    1     1     1     1    1    1    1  6.54523E+13 0.02162 
];


DETCAd03E = [
 0.00000E+00  6.25000E-07  3.12500E-07
 6.25000E-07  1.96403E+01  9.82015E+00
];

DETCAd03R = [
 0.00000E+00  1.00000E+02  5.00000E+01
];

DETCAd03PHI = [
 0.00000E+00  3.60000E+02  1.80000E+02
];

DETCAd03Z = [
 0.00000E+00  0.00000E+00  0.00000E+00
];

DETCAd04 = [
    1    1    1    1     1     1     1    1    1    1  1.26169E+17 0.00779 
    2    2    1    1     1     1     1    1    1    1  2.69979E+17 0.00341 
];


DETCAd04E = [
 0.00000E+00  6.25000E-07  3.12500E-07
 6.25000E-07  1.96403E+01  9.82015E+00
];

DETCAd04R = [
 0.00000E+00  1.00000E+02  5.00000E+01
];

DETCAd04PHI = [
 0.00000E+00  3.60000E+02  1.80000E+02
];

DETCAd04Z = [
 0.00000E+00  0.00000E+00  0.00000E+00
];

DETCAd05 = [
    1    1    1    1     1     1     1    1    1    1  4.87840E+16 0.00471 
    2    2    1    1     1     1     1    1    1    1  7.99640E+16 0.00283 
];


DETCAd05E = [
 0.00000E+00  6.25000E-07  3.12500E-07
 6.25000E-07  1.96403E+01  9.82015E+00
];

DETCAd05R = [
 0.00000E+00  1.00000E+02  5.00000E+01
];

DETCAd05PHI = [
 0.00000E+00  3.60000E+02  1.80000E+02
];

DETCAd05Z = [
 0.00000E+00  0.00000E+00  0.00000E+00
];

DETCAd06 = [
    1    1    1    1     1     1     1    1    1    1  2.91151E+15 0.01112 
    2    2    1    1     1     1     1    1    1    1  6.66179E+16 0.00798 
];


DETCAd06E = [
 0.00000E+00  6.25000E-07  3.12500E-07
 6.25000E-07  1.96403E+01  9.82015E+00
];

DETCAd06R = [
 0.00000E+00  1.00000E+02  5.00000E+01
];

DETCAd06PHI = [
 0.00000E+00  3.60000E+02  1.80000E+02
];

DETCAd06Z = [
 0.00000E+00  0.00000E+00  0.00000E+00
];

DETCAd07 = [
    1    1    1    1     1     1     1    1    1    1  5.70893E+14 0.00637 
    2    2    1    1     1     1     1    1    1    1  3.44469E+15 0.03162 
];


DETCAd07E = [
 0.00000E+00  6.25000E-07  3.12500E-07
 6.25000E-07  1.96403E+01  9.82015E+00
];

DETCAd07R = [
 0.00000E+00  1.00000E+02  5.00000E+01
];

DETCAd07PHI = [
 0.00000E+00  3.60000E+02  1.80000E+02
];

DETCAd07Z = [
 0.00000E+00  0.00000E+00  0.00000E+00
];
