
DETCAd00 = [
    1    1    1    1     1     1     1    1    1    1  1.80323E+15 0.00220 
    2    2    1    1     1     1     1    1    1    1  1.16040E+16 0.00136 
];


DETCAd00E = [
 0.00000E+00  6.25000E-07  3.12500E-07
 6.25000E-07  1.96403E+01  9.82015E+00
];

DETCAd01 = [
    1    1    1    1     1     1     1    1    1    1  4.43190E+12 0.01072 
    2    2    1    1     1     1     1    1    1    1  5.09175E+12 0.00413 
];


DETCAd01E = [
 0.00000E+00  6.25000E-07  3.12500E-07
 6.25000E-07  1.96403E+01  9.82015E+00
];

DETCAd02 = [
    1    1    1    1     1     1     1    1    1    1  9.79007E+12 0.00905 
    2    2    1    1     1     1     1    1    1    1  2.67802E+14 0.00610 
];


DETCAd02E = [
 0.00000E+00  6.25000E-07  3.12500E-07
 6.25000E-07  1.96403E+01  9.82015E+00
];

DETCAd03 = [
    1    1    1    1     1     1     1    1    1    1  1.92645E+11 0.05357 
    2    2    1    1     1     1     1    1    1    1  1.75867E+11 0.02143 
];


DETCAd03E = [
 0.00000E+00  6.25000E-07  3.12500E-07
 6.25000E-07  1.96403E+01  9.82015E+00
];

DETCAd04 = [
    1    1    1    1     1     1     1    1    1    1  3.41503E+14 0.00761 
    2    2    1    1     1     1     1    1    1    1  7.37429E+14 0.00337 
];


DETCAd04E = [
 0.00000E+00  6.25000E-07  3.12500E-07
 6.25000E-07  1.96403E+01  9.82015E+00
];

DETCAd05 = [
    1    1    1    1     1     1     1    1    1    1  1.32334E+14 0.00430 
    2    2    1    1     1     1     1    1    1    1  2.18445E+14 0.00304 
];


DETCAd05E = [
 0.00000E+00  6.25000E-07  3.12500E-07
 6.25000E-07  1.96403E+01  9.82015E+00
];

DETCAd06 = [
    1    1    1    1     1     1     1    1    1    1  8.03828E+12 0.00997 
    2    2    1    1     1     1     1    1    1    1  1.77354E+14 0.00815 
];


DETCAd06E = [
 0.00000E+00  6.25000E-07  3.12500E-07
 6.25000E-07  1.96403E+01  9.82015E+00
];

DETCAd07 = [
    1    1    1    1     1     1     1    1    1    1  1.57387E+12 0.00658 
    2    2    1    1     1     1     1    1    1    1  9.63046E+12 0.02927 
];


DETCAd07E = [
 0.00000E+00  6.25000E-07  3.12500E-07
 6.25000E-07  1.96403E+01  9.82015E+00
];

DETCAd08 = [
    1    1    1    1     1     1     1    1    1    1  9.89030E+15 0.00216 
    2    2    1    1     1     1     1    1    1    1  2.09666E+16 0.00102 
];


DETCAd08E = [
 0.00000E+00  6.25000E-07  3.12500E-07
 6.25000E-07  1.96403E+01  9.82015E+00
];
