
DETCAd01 = [
    1    1    1    1     1     1     1    1    1    1  3.82725E+12 0.07407 
    2    2    1    1     1     1     1    1    1    1  2.43478E+13 0.03439 
];


DETCAd01E = [
 0.00000E+00  6.25000E-07  3.12500E-07
 6.25000E-07  1.96403E+01  9.82015E+00
];

DETCAd02 = [
    1    1    1    1     1     1     1    1    1    1  3.73088E+12 0.07283 
    2    2    1    1     1     1     1    1    1    1  2.38936E+13 0.03335 
];


DETCAd02E = [
 0.00000E+00  6.25000E-07  3.12500E-07
 6.25000E-07  1.96403E+01  9.82015E+00
];

DETCAd03 = [
    1    1    1    1     1     1     1    1    1    1  4.02174E+12 0.07589 
    2    2    1    1     1     1     1    1    1    1  2.37612E+13 0.03279 
];


DETCAd03E = [
 0.00000E+00  6.25000E-07  3.12500E-07
 6.25000E-07  1.96403E+01  9.82015E+00
];

DETCAd04 = [
    1    1    1    1     1     1     1    1    1    1  3.19467E+12 0.07487 
    2    2    1    1     1     1     1    1    1    1  2.29183E+13 0.03349 
];


DETCAd04E = [
 0.00000E+00  6.25000E-07  3.12500E-07
 6.25000E-07  1.96403E+01  9.82015E+00
];

DETCAd05 = [
    1    1    1    1     1     1     1    1    1    1  3.30731E+12 0.08093 
    2    2    1    1     1     1     1    1    1    1  2.25941E+13 0.03549 
];


DETCAd05E = [
 0.00000E+00  6.25000E-07  3.12500E-07
 6.25000E-07  1.96403E+01  9.82015E+00
];

DETCAd06 = [
    1    1    1    1     1     1     1    1    1    1  3.23360E+12 0.07877 
    2    2    1    1     1     1     1    1    1    1  2.28444E+13 0.03674 
];


DETCAd06E = [
 0.00000E+00  6.25000E-07  3.12500E-07
 6.25000E-07  1.96403E+01  9.82015E+00
];

DETCAd07 = [
    1    1    1    1     1     1     1    1    1    1  3.06836E+12 0.07570 
    2    2    1    1     1     1     1    1    1    1  2.18522E+13 0.04038 
];


DETCAd07E = [
 0.00000E+00  6.25000E-07  3.12500E-07
 6.25000E-07  1.96403E+01  9.82015E+00
];

DETCAd08 = [
    1    1    1    1     1     1     1    1    1    1  2.94410E+12 0.08324 
    2    2    1    1     1     1     1    1    1    1  2.03925E+13 0.03806 
];


DETCAd08E = [
 0.00000E+00  6.25000E-07  3.12500E-07
 6.25000E-07  1.96403E+01  9.82015E+00
];

DETCAd09 = [
    1    1    1    1     1     1     1    1    1    1  3.15133E+12 0.08393 
    2    2    1    1     1     1     1    1    1    1  1.91116E+13 0.04124 
];


DETCAd09E = [
 0.00000E+00  6.25000E-07  3.12500E-07
 6.25000E-07  1.96403E+01  9.82015E+00
];

DETCAd10 = [
    1    1    1    1     1     1     1    1    1    1  3.60173E+12 0.07713 
    2    2    1    1     1     1     1    1    1    1  1.93198E+13 0.04053 
];


DETCAd10E = [
 0.00000E+00  6.25000E-07  3.12500E-07
 6.25000E-07  1.96403E+01  9.82015E+00
];

DETCAd11 = [
    1    1    1    1     1     1     1    1    1    1  3.43549E+12 0.07423 
    2    2    1    1     1     1     1    1    1    1  2.57822E+13 0.03421 
];


DETCAd11E = [
 0.00000E+00  6.25000E-07  3.12500E-07
 6.25000E-07  1.96403E+01  9.82015E+00
];

DETCAd12 = [
    1    1    1    1     1     1     1    1    1    1  3.51004E+12 0.07677 
    2    2    1    1     1     1     1    1    1    1  2.45354E+13 0.03589 
];


DETCAd12E = [
 0.00000E+00  6.25000E-07  3.12500E-07
 6.25000E-07  1.96403E+01  9.82015E+00
];

DETCAd13 = [
    1    1    1    1     1     1     1    1    1    1  3.04820E+12 0.07740 
    2    2    1    1     1     1     1    1    1    1  2.26275E+13 0.03582 
];


DETCAd13E = [
 0.00000E+00  6.25000E-07  3.12500E-07
 6.25000E-07  1.96403E+01  9.82015E+00
];

DETCAd14 = [
    1    1    1    1     1     1     1    1    1    1  2.94904E+12 0.07951 
    2    2    1    1     1     1     1    1    1    1  2.34985E+13 0.03569 
];


DETCAd14E = [
 0.00000E+00  6.25000E-07  3.12500E-07
 6.25000E-07  1.96403E+01  9.82015E+00
];

DETCAd15 = [
    1    1    1    1     1     1     1    1    1    1  2.97512E+12 0.07552 
    2    2    1    1     1     1     1    1    1    1  2.24204E+13 0.03660 
];


DETCAd15E = [
 0.00000E+00  6.25000E-07  3.12500E-07
 6.25000E-07  1.96403E+01  9.82015E+00
];

DETCAd16 = [
    1    1    1    1     1     1     1    1    1    1  3.12066E+12 0.07380 
    2    2    1    1     1     1     1    1    1    1  2.13545E+13 0.03699 
];


DETCAd16E = [
 0.00000E+00  6.25000E-07  3.12500E-07
 6.25000E-07  1.96403E+01  9.82015E+00
];

DETCAd17 = [
    1    1    1    1     1     1     1    1    1    1  2.69932E+12 0.08550 
    2    2    1    1     1     1     1    1    1    1  2.01309E+13 0.04253 
];


DETCAd17E = [
 0.00000E+00  6.25000E-07  3.12500E-07
 6.25000E-07  1.96403E+01  9.82015E+00
];

DETCAd18 = [
    1    1    1    1     1     1     1    1    1    1  3.34869E+12 0.07721 
    2    2    1    1     1     1     1    1    1    1  1.93040E+13 0.03559 
];


DETCAd18E = [
 0.00000E+00  6.25000E-07  3.12500E-07
 6.25000E-07  1.96403E+01  9.82015E+00
];

DETCAd19 = [
    1    1    1    1     1     1     1    1    1    1  3.45205E+12 0.07557 
    2    2    1    1     1     1     1    1    1    1  1.87288E+13 0.03887 
];


DETCAd19E = [
 0.00000E+00  6.25000E-07  3.12500E-07
 6.25000E-07  1.96403E+01  9.82015E+00
];

DETCAd20 = [
    1    1    1    1     1     1     1    1    1    1  3.85276E+12 0.07026 
    2    2    1    1     1     1     1    1    1    1  1.83327E+13 0.03853 
];


DETCAd20E = [
 0.00000E+00  6.25000E-07  3.12500E-07
 6.25000E-07  1.96403E+01  9.82015E+00
];

DETCAd21 = [
    1    1    1    1     1     1     1    1    1    1  3.73603E+12 0.07036 
    2    2    1    1     1     1     1    1    1    1  2.46432E+13 0.03098 
];


DETCAd21E = [
 0.00000E+00  6.25000E-07  3.12500E-07
 6.25000E-07  1.96403E+01  9.82015E+00
];

DETCAd22 = [
    1    1    1    1     1     1     1    1    1    1  3.63569E+12 0.07731 
    2    2    1    1     1     1     1    1    1    1  2.37548E+13 0.03206 
];


DETCAd22E = [
 0.00000E+00  6.25000E-07  3.12500E-07
 6.25000E-07  1.96403E+01  9.82015E+00
];

DETCAd23 = [
    1    1    1    1     1     1     1    1    1    1  3.29241E+12 0.07839 
    2    2    1    1     1     1     1    1    1    1  2.47778E+13 0.03606 
];


DETCAd23E = [
 0.00000E+00  6.25000E-07  3.12500E-07
 6.25000E-07  1.96403E+01  9.82015E+00
];

DETCAd24 = [
    1    1    1    1     1     1     1    1    1    1  3.31265E+12 0.07514 
    2    2    1    1     1     1     1    1    1    1  2.28583E+13 0.03367 
];


DETCAd24E = [
 0.00000E+00  6.25000E-07  3.12500E-07
 6.25000E-07  1.96403E+01  9.82015E+00
];

DETCAd25 = [
    1    1    1    1     1     1     1    1    1    1  3.62731E+12 0.07287 
    2    2    1    1     1     1     1    1    1    1  2.20946E+13 0.03632 
];


DETCAd25E = [
 0.00000E+00  6.25000E-07  3.12500E-07
 6.25000E-07  1.96403E+01  9.82015E+00
];

DETCAd26 = [
    1    1    1    1     1     1     1    1    1    1  3.02123E+12 0.07736 
    2    2    1    1     1     1     1    1    1    1  2.03261E+13 0.03630 
];


DETCAd26E = [
 0.00000E+00  6.25000E-07  3.12500E-07
 6.25000E-07  1.96403E+01  9.82015E+00
];

DETCAd27 = [
    1    1    1    1     1     1     1    1    1    1  2.89408E+12 0.08746 
    2    2    1    1     1     1     1    1    1    1  1.98160E+13 0.03798 
];


DETCAd27E = [
 0.00000E+00  6.25000E-07  3.12500E-07
 6.25000E-07  1.96403E+01  9.82015E+00
];

DETCAd28 = [
    1    1    1    1     1     1     1    1    1    1  2.76418E+12 0.07741 
    2    2    1    1     1     1     1    1    1    1  2.08608E+13 0.04021 
];


DETCAd28E = [
 0.00000E+00  6.25000E-07  3.12500E-07
 6.25000E-07  1.96403E+01  9.82015E+00
];

DETCAd29 = [
    1    1    1    1     1     1     1    1    1    1  3.35516E+12 0.08103 
    2    2    1    1     1     1     1    1    1    1  1.91412E+13 0.04164 
];


DETCAd29E = [
 0.00000E+00  6.25000E-07  3.12500E-07
 6.25000E-07  1.96403E+01  9.82015E+00
];

DETCAd30 = [
    1    1    1    1     1     1     1    1    1    1  3.55790E+12 0.08827 
    2    2    1    1     1     1     1    1    1    1  1.93076E+13 0.04140 
];


DETCAd30E = [
 0.00000E+00  6.25000E-07  3.12500E-07
 6.25000E-07  1.96403E+01  9.82015E+00
];

