
DETCAd01 = [
    1    1    1    1     1     1     1    1    1    1  1.38121E+15 0.06741 
    2    2    1    1     1     1     1    1    1    1  8.92214E+15 0.03167 
];


DETCAd01E = [
 0.00000E+00  6.25000E-07  3.12500E-07
 6.25000E-07  1.96403E+01  9.82015E+00
];

DETCAd02 = [
    1    1    1    1     1     1     1    1    1    1  1.39276E+15 0.07754 
    2    2    1    1     1     1     1    1    1    1  9.29637E+15 0.03590 
];


DETCAd02E = [
 0.00000E+00  6.25000E-07  3.12500E-07
 6.25000E-07  1.96403E+01  9.82015E+00
];

DETCAd03 = [
    1    1    1    1     1     1     1    1    1    1  1.25861E+15 0.07418 
    2    2    1    1     1     1     1    1    1    1  8.43983E+15 0.03233 
];


DETCAd03E = [
 0.00000E+00  6.25000E-07  3.12500E-07
 6.25000E-07  1.96403E+01  9.82015E+00
];

DETCAd04 = [
    1    1    1    1     1     1     1    1    1    1  1.44770E+15 0.07744 
    2    2    1    1     1     1     1    1    1    1  8.84536E+15 0.03385 
];


DETCAd04E = [
 0.00000E+00  6.25000E-07  3.12500E-07
 6.25000E-07  1.96403E+01  9.82015E+00
];

DETCAd05 = [
    1    1    1    1     1     1     1    1    1    1  1.25646E+15 0.08480 
    2    2    1    1     1     1     1    1    1    1  8.82536E+15 0.03887 
];


DETCAd05E = [
 0.00000E+00  6.25000E-07  3.12500E-07
 6.25000E-07  1.96403E+01  9.82015E+00
];

DETCAd06 = [
    1    1    1    1     1     1     1    1    1    1  1.13873E+15 0.08015 
    2    2    1    1     1     1     1    1    1    1  8.06570E+15 0.03522 
];


DETCAd06E = [
 0.00000E+00  6.25000E-07  3.12500E-07
 6.25000E-07  1.96403E+01  9.82015E+00
];

DETCAd07 = [
    1    1    1    1     1     1     1    1    1    1  9.75865E+14 0.09355 
    2    2    1    1     1     1     1    1    1    1  7.42005E+15 0.03463 
];


DETCAd07E = [
 0.00000E+00  6.25000E-07  3.12500E-07
 6.25000E-07  1.96403E+01  9.82015E+00
];

DETCAd08 = [
    1    1    1    1     1     1     1    1    1    1  9.69705E+14 0.08534 
    2    2    1    1     1     1     1    1    1    1  6.94910E+15 0.03773 
];


DETCAd08E = [
 0.00000E+00  6.25000E-07  3.12500E-07
 6.25000E-07  1.96403E+01  9.82015E+00
];

DETCAd09 = [
    1    1    1    1     1     1     1    1    1    1  1.11017E+15 0.07941 
    2    2    1    1     1     1     1    1    1    1  6.40575E+15 0.03926 
];


DETCAd09E = [
 0.00000E+00  6.25000E-07  3.12500E-07
 6.25000E-07  1.96403E+01  9.82015E+00
];

DETCAd10 = [
    1    1    1    1     1     1     1    1    1    1  1.30058E+15 0.07401 
    2    2    1    1     1     1     1    1    1    1  7.02897E+15 0.04209 
];


DETCAd10E = [
 0.00000E+00  6.25000E-07  3.12500E-07
 6.25000E-07  1.96403E+01  9.82015E+00
];

DETCAd11 = [
    1    1    1    1     1     1     1    1    1    1  1.37082E+15 0.06964 
    2    2    1    1     1     1     1    1    1    1  8.89229E+15 0.03339 
];


DETCAd11E = [
 0.00000E+00  6.25000E-07  3.12500E-07
 6.25000E-07  1.96403E+01  9.82015E+00
];

DETCAd12 = [
    1    1    1    1     1     1     1    1    1    1  1.18468E+15 0.07650 
    2    2    1    1     1     1     1    1    1    1  8.96648E+15 0.03399 
];


DETCAd12E = [
 0.00000E+00  6.25000E-07  3.12500E-07
 6.25000E-07  1.96403E+01  9.82015E+00
];

DETCAd13 = [
    1    1    1    1     1     1     1    1    1    1  1.23494E+15 0.07409 
    2    2    1    1     1     1     1    1    1    1  8.37058E+15 0.03497 
];


DETCAd13E = [
 0.00000E+00  6.25000E-07  3.12500E-07
 6.25000E-07  1.96403E+01  9.82015E+00
];

DETCAd14 = [
    1    1    1    1     1     1     1    1    1    1  1.37714E+15 0.06949 
    2    2    1    1     1     1     1    1    1    1  8.72928E+15 0.03632 
];


DETCAd14E = [
 0.00000E+00  6.25000E-07  3.12500E-07
 6.25000E-07  1.96403E+01  9.82015E+00
];

DETCAd15 = [
    1    1    1    1     1     1     1    1    1    1  1.16398E+15 0.08310 
    2    2    1    1     1     1     1    1    1    1  8.36918E+15 0.03403 
];


DETCAd15E = [
 0.00000E+00  6.25000E-07  3.12500E-07
 6.25000E-07  1.96403E+01  9.82015E+00
];

DETCAd16 = [
    1    1    1    1     1     1     1    1    1    1  1.20784E+15 0.07714 
    2    2    1    1     1     1     1    1    1    1  7.81012E+15 0.03769 
];


DETCAd16E = [
 0.00000E+00  6.25000E-07  3.12500E-07
 6.25000E-07  1.96403E+01  9.82015E+00
];

DETCAd17 = [
    1    1    1    1     1     1     1    1    1    1  1.17994E+15 0.07996 
    2    2    1    1     1     1     1    1    1    1  7.64620E+15 0.03678 
];


DETCAd17E = [
 0.00000E+00  6.25000E-07  3.12500E-07
 6.25000E-07  1.96403E+01  9.82015E+00
];

DETCAd18 = [
    1    1    1    1     1     1     1    1    1    1  1.07752E+15 0.09745 
    2    2    1    1     1     1     1    1    1    1  7.09940E+15 0.03883 
];


DETCAd18E = [
 0.00000E+00  6.25000E-07  3.12500E-07
 6.25000E-07  1.96403E+01  9.82015E+00
];

DETCAd19 = [
    1    1    1    1     1     1     1    1    1    1  1.30977E+15 0.07818 
    2    2    1    1     1     1     1    1    1    1  6.94665E+15 0.03715 
];


DETCAd19E = [
 0.00000E+00  6.25000E-07  3.12500E-07
 6.25000E-07  1.96403E+01  9.82015E+00
];

DETCAd20 = [
    1    1    1    1     1     1     1    1    1    1  1.52543E+15 0.07082 
    2    2    1    1     1     1     1    1    1    1  7.22730E+15 0.03836 
];


DETCAd20E = [
 0.00000E+00  6.25000E-07  3.12500E-07
 6.25000E-07  1.96403E+01  9.82015E+00
];

DETCAd21 = [
    1    1    1    1     1     1     1    1    1    1  1.35677E+15 0.06954 
    2    2    1    1     1     1     1    1    1    1  9.02609E+15 0.03262 
];


DETCAd21E = [
 0.00000E+00  6.25000E-07  3.12500E-07
 6.25000E-07  1.96403E+01  9.82015E+00
];

DETCAd22 = [
    1    1    1    1     1     1     1    1    1    1  1.15613E+15 0.08328 
    2    2    1    1     1     1     1    1    1    1  9.32977E+15 0.03336 
];


DETCAd22E = [
 0.00000E+00  6.25000E-07  3.12500E-07
 6.25000E-07  1.96403E+01  9.82015E+00
];

DETCAd23 = [
    1    1    1    1     1     1     1    1    1    1  1.21053E+15 0.07440 
    2    2    1    1     1     1     1    1    1    1  8.98884E+15 0.03521 
];


DETCAd23E = [
 0.00000E+00  6.25000E-07  3.12500E-07
 6.25000E-07  1.96403E+01  9.82015E+00
];

DETCAd24 = [
    1    1    1    1     1     1     1    1    1    1  1.20988E+15 0.07673 
    2    2    1    1     1     1     1    1    1    1  8.66354E+15 0.03375 
];


DETCAd24E = [
 0.00000E+00  6.25000E-07  3.12500E-07
 6.25000E-07  1.96403E+01  9.82015E+00
];

DETCAd25 = [
    1    1    1    1     1     1     1    1    1    1  1.17752E+15 0.07591 
    2    2    1    1     1     1     1    1    1    1  9.01103E+15 0.03419 
];


DETCAd25E = [
 0.00000E+00  6.25000E-07  3.12500E-07
 6.25000E-07  1.96403E+01  9.82015E+00
];

DETCAd26 = [
    1    1    1    1     1     1     1    1    1    1  1.10243E+15 0.07613 
    2    2    1    1     1     1     1    1    1    1  8.35879E+15 0.03491 
];


DETCAd26E = [
 0.00000E+00  6.25000E-07  3.12500E-07
 6.25000E-07  1.96403E+01  9.82015E+00
];

DETCAd27 = [
    1    1    1    1     1     1     1    1    1    1  1.25275E+15 0.08194 
    2    2    1    1     1     1     1    1    1    1  7.81676E+15 0.03779 
];


DETCAd27E = [
 0.00000E+00  6.25000E-07  3.12500E-07
 6.25000E-07  1.96403E+01  9.82015E+00
];

DETCAd28 = [
    1    1    1    1     1     1     1    1    1    1  9.81630E+14 0.08363 
    2    2    1    1     1     1     1    1    1    1  7.50718E+15 0.03587 
];


DETCAd28E = [
 0.00000E+00  6.25000E-07  3.12500E-07
 6.25000E-07  1.96403E+01  9.82015E+00
];

DETCAd29 = [
    1    1    1    1     1     1     1    1    1    1  1.16997E+15 0.08079 
    2    2    1    1     1     1     1    1    1    1  6.96960E+15 0.03743 
];


DETCAd29E = [
 0.00000E+00  6.25000E-07  3.12500E-07
 6.25000E-07  1.96403E+01  9.82015E+00
];

DETCAd30 = [
    1    1    1    1     1     1     1    1    1    1  1.20446E+15 0.08098 
    2    2    1    1     1     1     1    1    1    1  6.68246E+15 0.04027 
];


DETCAd30E = [
 0.00000E+00  6.25000E-07  3.12500E-07
 6.25000E-07  1.96403E+01  9.82015E+00
];

