
DETCAd00 = [
    1    1    1    1     1     1     1    1    1    1  2.71024E+13 0.03049 
    2    2    1    1     1     1     1    1    1    1  1.53303E+16 0.00056 
];


DETCAd00E = [
 0.00000E+00  6.25000E-07  3.12500E-07
 6.25000E-07  1.96403E+01  9.82015E+00
];

DETCAd01 = [
    1    1    1    1     1     1     1    1    1    1  5.46344E+10 0.08213 
    2    2    1    1     1     1     1    1    1    1  2.55719E+12 0.00346 
];


DETCAd01E = [
 0.00000E+00  6.25000E-07  3.12500E-07
 6.25000E-07  1.96403E+01  9.82015E+00
];

DETCAd02 = [
    1    1    1    1     1     1     1    1    1    1  1.50774E+11 0.06697 
    2    2    1    1     1     1     1    1    1    1  6.37274E+14 0.00389 
];


DETCAd02E = [
 0.00000E+00  6.25000E-07  3.12500E-07
 6.25000E-07  1.96403E+01  9.82015E+00
];

DETCAd03 = [
    1    1    1    1     1     1     1    1    1    1  1.54402E+14 0.02933 
    2    2    1    1     1     1     1    1    1    1  3.07021E+16 0.00015 
];


DETCAd03E = [
 0.00000E+00  6.25000E-07  3.12500E-07
 6.25000E-07  1.96403E+01  9.82015E+00
];
