
DETCAd00 = [
    1    1    1    1     1     1     1    1    1    1  9.63130E+15 0.03069 
    2    2    1    1     1     1     1    1    1    1  5.63362E+18 0.00056 
];


DETCAd00E = [
 0.00000E+00  6.25000E-07  3.12500E-07
 6.25000E-07  1.96403E+01  9.82015E+00
];

DETCAd00R = [
 0.00000E+00  1.00000E+02  5.00000E+01
];

DETCAd00PHI = [
 0.00000E+00  3.60000E+02  1.80000E+02
];

DETCAd00Z = [
 0.00000E+00  0.00000E+00  0.00000E+00
];

DETCAd01 = [
    1    1    1    1     1     1     1    1    1    1  1.84635E+13 0.08614 
    2    2    1    1     1     1     1    1    1    1  9.37441E+14 0.00335 
];


DETCAd01E = [
 0.00000E+00  6.25000E-07  3.12500E-07
 6.25000E-07  1.96403E+01  9.82015E+00
];

DETCAd01R = [
 0.00000E+00  1.00000E+02  5.00000E+01
];

DETCAd01PHI = [
 0.00000E+00  3.60000E+02  1.80000E+02
];

DETCAd01Z = [
 0.00000E+00  0.00000E+00  0.00000E+00
];

DETCAd02 = [
    1    1    1    1     1     1     1    1    1    1  5.01848E+13 0.06996 
    2    2    1    1     1     1     1    1    1    1  2.32489E+17 0.00416 
];


DETCAd02E = [
 0.00000E+00  6.25000E-07  3.12500E-07
 6.25000E-07  1.96403E+01  9.82015E+00
];

DETCAd02R = [
 0.00000E+00  1.00000E+02  5.00000E+01
];

DETCAd02PHI = [
 0.00000E+00  3.60000E+02  1.80000E+02
];

DETCAd02Z = [
 0.00000E+00  0.00000E+00  0.00000E+00
];
